0001	0.004054332	0.2125
0002	0.001746403	0.1900
0003	0.001498409	0.2017
0004	0.001350535	0.2002
0005	0.001265444	0.2017
0006	0.001197119	0.1975
0007	0.001142573	0.1977
0008	0.001112645	0.1975
0009	0.001061183	0.1995
0010	0.001043028	0.1999
0011	0.001010144	0.1996
0012	0.000970883	0.1998
0013	0.000969164	0.1994
0014	0.000957133	0.2012
0015	0.000950062	0.2014
0016	0.000964959	0.2017
0017	0.000901075	0.2014
0018	0.000919225	0.2006
0019	0.000881517	0.2030
0020	0.000856029	0.1989
0021	0.000868339	0.1979
0022	0.000878674	0.1989
0023	0.000852684	0.2001
0024	0.000823892	0.2013
0025	0.000844185	0.1986
0026	0.000837676	0.1985
0027	0.000842451	0.1999
0028	0.000803531	0.1978
0029	0.000793639	0.1991
0030	0.000799374	0.1988
0031	0.000821450	0.1994
0032	0.000810733	0.1979
0033	0.000817109	0.1981
0034	0.000801583	0.1993
0035	0.000793091	0.1984
0036	0.000786971	0.1976
0037	0.000770592	0.1997
0038	0.000771040	0.1974
0039	0.000769156	0.2005
0040	0.000760306	0.1986
0041	0.000749471	0.1980
0042	0.000754942	0.1986
0043	0.000775190	0.1975
0044	0.000756030	0.1980
0045	0.000751095	0.1992
0046	0.000748800	0.1986
0047	0.000747589	0.2006
0048	0.000719894	0.1983
0049	0.000720459	0.2015
0050	0.000724048	0.2075
0051	0.000729114	0.2007
0052	0.000725726	0.2010
0053	0.000712495	0.2008
0054	0.000729335	0.2008
0055	0.000702509	0.2004
0056	0.000688958	0.2002
0057	0.000690736	0.2023
0058	0.000700039	0.2005
0059	0.000701598	0.2004
0060	0.000699658	0.2006
0061	0.000693276	0.2013
0062	0.000677410	0.2012
0063	0.000689983	0.2004
0064	0.000690333	0.2014
0065	0.000680904	0.2009
0066	0.000691324	0.2037
0067	0.000691920	0.2009
0068	0.000673354	0.2000
0069	0.000665266	0.2010
0070	0.000666299	0.2004
0071	0.000661871	0.2025
0072	0.000667361	0.2025
0073	0.000676976	0.2008
0074	0.000671204	0.2037
0075	0.000645203	0.2012
0076	0.000663977	0.2007
0077	0.000655656	0.2016
0078	0.000649436	0.2012
0079	0.000640324	0.2003
0080	0.000649965	0.2013
0081	0.000638337	0.2017
0082	0.000650286	0.2022
0083	0.000623324	0.2005
0084	0.000635292	0.2014
0085	0.000639000	0.2011
0086	0.000627512	0.2005
0087	0.000626180	0.2009
0088	0.000640011	0.2020
0089	0.000619804	0.2025
0090	0.000637461	0.2011
0091	0.000648277	0.2003
0092	0.000643549	0.2014
0093	0.000625469	0.2000
0094	0.000634331	0.2003
0095	0.000624555	0.2023
0096	0.000618831	0.2013
0097	0.000637171	0.2015
0098	0.000624247	0.2017
0099	0.000614539	0.2028
0100	0.000610303	0.2032
0101	0.000614427	0.2007
0102	0.000608747	0.2025
0103	0.000611930	0.2011
0104	0.000606929	0.2029
0105	0.000604436	0.2007
0106	0.000607026	0.2023
0107	0.000619419	0.2018
0108	0.000601134	0.2004
0109	0.000607241	0.2061
0110	0.000609469	0.2023
0111	0.000597278	0.2010
0112	0.000597395	0.2002
0001	0.003706167	0.1997
0002	0.001687832	0.1929
0003	0.001428201	0.2029
0004	0.001343027	0.2043
0005	0.001249951	0.2030
0111	0.000638327	0.2005
0112	0.000591216	0.1976
0113	0.000599563	0.2017
0114	0.000597288	0.2022
0115	0.000616128	0.2025
0116	0.000603340	0.1999
0117	0.000599721	0.2015
0118	0.000604620	0.2033
0119	0.000594067	0.1998
0120	0.000583634	0.2021
0121	0.000603087	0.2006
0122	0.000602179	0.2015
0123	0.000599589	0.2009
0124	0.000581596	0.2006
0125	0.000576764	0.2013
0126	0.000582497	0.2009
0127	0.000583642	0.2025
0128	0.000581830	0.2003
0129	0.000585994	0.2014
0130	0.000579240	0.2000
0131	0.000584261	0.2006
0132	0.000578595	0.2022
0133	0.000575930	0.2012
0134	0.000575936	0.2007
0135	0.000595415	0.2013
0136	0.000562673	0.2263
0137	0.000571560	0.2053
0138	0.000567921	0.2036
0139	0.000582487	0.2037
0140	0.000562814	0.2052
0141	0.000571434	0.2037
0142	0.000568695	0.2051
0143	0.000566483	0.2038
0144	0.000573071	0.2041
0145	0.000565555	0.2054
0146	0.000570019	0.2042
0147	0.000566827	0.2033
0148	0.000570323	0.2054
0149	0.000559495	0.2036
0150	0.000554690	0.2040
0151	0.000565040	0.2037
0152	0.000577423	0.2046
0153	0.000573602	0.2037
0154	0.000572033	0.2042
0155	0.000561060	0.2044
0156	0.000556786	0.2054
0157	0.000563799	0.2040
0158	0.000551574	0.2034
0159	0.000555258	0.2038
0160	0.000562567	0.2037
0161	0.000571622	0.2034
0162	0.000557946	0.2038
0163	0.000556271	0.2045
0164	0.000551151	0.2032
0165	0.000559229	0.2034
0166	0.000548984	0.2034
0167	0.000549325	0.2049
0168	0.000554180	0.2035
0169	0.000542335	0.2041
0170	0.000541704	0.2045
0171	0.000541770	0.2030
0172	0.000547479	0.2055
0173	0.000549414	0.2036
0174	0.000551383	0.2042
0175	0.000551833	0.2035
0176	0.000549634	0.2046
0177	0.000548467	0.2047
0178	0.000549514	0.2025
0179	0.000538560	0.2051
0180	0.000540725	0.2038
0181	0.000533436	0.2029
0182	0.000555947	0.2037
0183	0.000549010	0.2035
0184	0.000551814	0.2052
0185	0.000540163	0.2024
0186	0.000532493	0.1958
0187	0.000538098	0.1942
0188	0.000536852	0.1944
0189	0.000533602	0.1960
0190	0.000535297	0.1946
0191	0.000536244	0.1946
0192	0.000547770	0.1950
0193	0.000532645	0.1944
0194	0.000528822	0.1946
0195	0.000539529	0.1948
0196	0.000547242	0.1957
0197	0.000535956	0.1940
0198	0.000535634	0.1945
0199	0.000531323	0.1949
0200	0.000525737	0.1944
0201	0.000533796	0.1941
0202	0.000532937	0.1962
0203	0.000533375	0.1952
0204	0.000539521	0.1955
0205	0.000530850	0.1945
0206	0.000533518	0.1947
0207	0.000534059	0.1949
0208	0.000532787	0.1959
0209	0.000529224	0.1941
0210	0.000527886	0.1956
0211	0.000523750	0.1944
0212	0.000523037	0.1947
0213	0.000526692	0.1966
0214	0.000524901	0.1949
0215	0.000524996	0.1943
0216	0.000525865	0.1947
0217	0.000522704	0.1951
0218	0.000525647	0.1949
0219	0.000523486	0.1941
0220	0.000525772	0.1941
0221	0.000523311	0.1945
0222	0.000517599	0.1946
0223	0.000524483	0.1944
0224	0.000520731	0.1939
0225	0.000527367	0.1954
0226	0.000512962	0.1943
0227	0.000535982	0.1942
0228	0.000525307	0.1949
0229	0.000523348	0.1940
0230	0.000526368	0.1962
0231	0.000523249	0.1946
0232	0.000521749	0.1943
0233	0.000526218	0.1947
0234	0.000518827	0.1949
0235	0.000517190	0.1950
0236	0.000517641	0.1956
0237	0.000522273	0.1940
0238	0.000525242	0.1943
0239	0.000508522	0.1946
0240	0.000524401	0.1953
0241	0.000520557	0.1946
0242	0.000508848	0.1940
0243	0.000512304	0.1946
0244	0.000513498	0.1945
0245	0.000516326	0.1950
0246	0.000520774	0.1954
0247	0.000519206	0.1949
0248	0.000512663	0.1948
0249	0.000525393	0.1942
0250	0.000509911	0.1949
0251	0.000515496	0.1938
0252	0.000514292	0.1945
0253	0.000506364	0.1939
0254	0.000500929	0.1947
0255	0.000504625	0.1951
0256	0.000518062	0.1942
0257	0.000514750	0.1949
0258	0.000515723	0.1965
0259	0.000512472	0.1943
0260	0.000514646	0.1948
0261	0.000511817	0.1946
0262	0.000507038	0.1949
0263	0.000506433	0.1948
0264	0.000506999	0.1943
0265	0.000507355	0.1946
0266	0.000508959	0.1942
0267	0.000506013	0.1952
0268	0.000513466	0.2018
0269	0.000505092	0.2051
0270	0.000515086	0.1998
0271	0.000509583	0.2014
0272	0.000504398	0.2002
0273	0.000510061	0.2081
0274	0.000503211	0.1998
0275	0.000505211	0.2147
0276	0.000503989	0.2135
0277	0.000504781	0.2164
0278	0.000512765	0.2209
0279	0.000505173	0.2253
0280	0.000500890	0.2214
0281	0.000497038	0.2207
0282	0.000504365	0.2191
0283	0.000498068	0.2180
0284	0.000501306	0.2204
0285	0.000507876	0.2206
0286	0.000502596	0.2226
0287	0.000498285	0.2239
0288	0.000497999	0.2181
0289	0.000506108	0.2195
0290	0.000500406	0.2189
0291	0.000492524	0.2214
0292	0.000502350	0.2234
0293	0.000495827	0.2180
0294	0.000500989	0.2202
0295	0.000501186	0.2216
0296	0.000502199	0.2157
0297	0.000491444	0.2170
0298	0.000499668	0.2208
0299	0.000497945	0.2200
0300	0.000492534	0.2158
0301	0.000496025	0.2159
0302	0.000498100	0.2186
0303	0.000497487	0.2162
0304	0.000494075	0.2180
0305	0.000495948	0.2154
0306	0.000498423	0.2174
0307	0.000497626	0.2279
0308	0.000497886	0.2088
0309	0.000494753	0.2152
0310	0.000503353	0.2091
0311	0.000498414	0.2044
0312	0.000498677	0.2095
0313	0.000493223	0.2007
0314	0.000492585	0.2010
0315	0.000501476	0.2005
0316	0.000498639	0.2010
0317	0.000498560	0.2000
0318	0.000493134	0.2001
0319	0.000487372	0.2002
0320	0.000498139	0.2014
0321	0.000494394	0.2004
0322	0.000493351	0.2023
0323	0.000489235	0.2001
0324	0.000489416	0.1993
0325	0.000492952	0.1995
0326	0.000493264	0.1986
0327	0.000492247	0.2002
0328	0.000490529	0.2009
0329	0.000491921	0.2014
0330	0.000495602	0.2010
0331	0.000496490	0.2006
0332	0.000494345	0.2014
0333	0.000487453	0.1998
0334	0.000498493	0.2007
0335	0.000501369	0.2011
0336	0.000488943	0.2013
0337	0.000487066	0.2006
0338	0.000489465	0.2007
0339	0.000490634	0.2006
0340	0.000488300	0.2027
0341	0.000492514	0.2006
0342	0.000493214	0.2009
0343	0.000484745	0.2011
0344	0.000484426	0.2005
0345	0.000491245	0.2007
0346	0.000491575	0.2005
0347	0.000482484	0.2002
0348	0.000481315	0.2003
0349	0.000488988	0.2000
0350	0.000484757	0.2009
0351	0.000495313	0.2001
0352	0.000483016	0.2015
0353	0.000487867	0.2222
0354	0.000489279	0.2063
0355	0.000489993	0.2045
0356	0.000489302	0.2006
0357	0.000489084	0.2010
0358	0.000488898	0.2004
0359	0.000482787	0.2005
0360	0.000480934	0.2008
0361	0.000484328	0.1999
0362	0.000495913	0.2009
0363	0.000498467	0.2013
0364	0.000489685	0.2012
0365	0.000485125	0.2009
0366	0.000477539	0.2006
0367	0.000478217	0.2002
0368	0.000479643	0.2001
0369	0.000476476	0.2008
0370	0.000479884	0.2006
0371	0.000480789	0.2002
0372	0.000476961	0.2004
0373	0.000479993	0.2013
0374	0.000479211	0.2006
0375	0.000476829	0.2005
0376	0.000487263	0.2008
0377	0.000483987	0.2003
0378	0.000482874	0.2007
0379	0.000482973	0.2005
0380	0.000482536	0.2260
0381	0.000479745	0.2031
0382	0.000479421	0.2039
0383	0.000482901	0.2037
0384	0.000476540	0.2042
0385	0.000473947	0.2036
0386	0.000479818	0.2036
0387	0.000484010	0.2036
0388	0.000484057	0.2047
0389	0.000484551	0.2033
0390	0.000477613	0.2041
0391	0.000473419	0.2033
0392	0.000474659	0.2041
0393	0.000480692	0.2044
0394	0.000482460	0.2013
0395	0.000478932	0.2014
0396	0.000483812	0.2030
0397	0.000473800	0.2020
0398	0.000479653	0.2022
0399	0.000481001	0.2038
0400	0.000472371	0.2006
0401	0.000473930	0.2005
0001	0.039586319	0.0353
0002	0.016611398	0.0122
0003	0.013896095	0.0126
0004	0.012012433	0.0124
0005	0.011031485	0.0125
0006	0.010032266	0.0126
0007	0.009214115	0.0125
0008	0.008882131	0.0125
0009	0.009018369	0.0128
0010	0.008301896	0.0125
0011	0.007986841	0.0121
0012	0.007808617	0.0123
0013	0.007725353	0.0123
0014	0.007357844	0.0124
0015	0.007381410	0.0123
0016	0.007325834	0.0122
0017	0.007036104	0.0124
0018	0.006913897	0.0124
0019	0.007129571	0.0124
0020	0.007034609	0.0128
0021	0.006625559	0.0122
0022	0.006726133	0.0129
0023	0.006540107	0.0126
0024	0.006306592	0.0126
0025	0.006099661	0.0134
0026	0.006081526	0.0125
0027	0.006074479	0.0125
0028	0.005878927	0.0124
0029	0.005897718	0.0125
0030	0.005851172	0.0125
0031	0.005799727	0.0129
0032	0.005782567	0.0124
0033	0.005814364	0.0125
0034	0.005703874	0.0124
0035	0.005672179	0.0125
0036	0.005650532	0.0128
0037	0.005549406	0.0135
0038	0.005421602	0.0129
0039	0.005649438	0.0130
0040	0.005430309	0.0130
0041	0.005504306	0.0128
0042	0.005409287	0.0130
0043	0.005303114	0.0132
0044	0.005096690	0.0131
0045	0.005107349	0.0131
0046	0.005096907	0.0131
0047	0.005038774	0.0131
0048	0.004940771	0.0133
0049	0.004905865	0.0134
0050	0.004900256	0.0129
0051	0.004905515	0.0128
0052	0.005028794	0.0132
0053	0.004854289	0.0132
0054	0.004870960	0.0131
0055	0.004769713	0.0131
0056	0.005268654	0.0131
0057	0.004962635	0.0131
0058	0.004853733	0.0130
0059	0.004909075	0.0130
0060	0.005208197	0.0129
0061	0.004891323	0.0131
0062	0.004783406	0.0132
0063	0.004850650	0.0131
0064	0.004857827	0.0130
0065	0.004834499	0.0129
0066	0.004810147	0.0131
0067	0.004522023	0.0132
0068	0.004560458	0.0131
0069	0.004527894	0.0131
0070	0.004564769	0.0130
0071	0.004486688	0.0128
0072	0.004497074	0.0130
0073	0.004341959	0.0130
0074	0.004334052	0.0130
0075	0.004648168	0.0133
0076	0.004450406	0.0131
0077	0.004412271	0.0131
0078	0.004448974	0.0130
0079	0.004480654	0.0131
0080	0.004270872	0.0130
0081	0.004348247	0.0127
0082	0.004417494	0.0131
0083	0.004282291	0.0132
0084	0.004237593	0.0134
0085	0.004208446	0.0130
0086	0.004314059	0.0131
0087	0.004148657	0.0131
0088	0.004115767	0.0131
0089	0.004200000	0.0130
0090	0.004034944	0.0130
0091	0.004130242	0.0127
0092	0.004127718	0.0129
0093	0.004127321	0.0131
0094	0.004019048	0.0131
0095	0.003962529	0.0133
0096	0.004004722	0.0132
0097	0.004040775	0.0130
0098	0.004086989	0.0130
0099	0.004040057	0.0130
0100	0.004078467	0.0131
0101	0.004182124	0.0127
0102	0.004214389	0.0130
0103	0.004179746	0.0129
0104	0.004096805	0.0129
0105	0.003975255	0.0129
0106	0.004179872	0.0131
0107	0.004042993	0.0130
0108	0.003859258	0.0128
0109	0.003999530	0.0129
0110	0.003821362	0.0127
0111	0.003956427	0.0129
0112	0.003926337	0.0130
0113	0.003810827	0.0129
0114	0.003768696	0.0135
0115	0.003998957	0.0137
0116	0.003987044	0.0129
0117	0.003994305	0.0130
0118	0.003822854	0.0131
0119	0.003768728	0.0131
0120	0.003790142	0.0130
0121	0.003799933	0.0127
0122	0.003906566	0.0128
0123	0.003784388	0.0128
0124	0.003651064	0.0136
0125	0.003771665	0.0148
0126	0.003993402	0.0134
0127	0.003932685	0.0138
0128	0.003819342	0.0134
0129	0.004062740	0.0129
0130	0.003766699	0.0129
0131	0.003663547	0.0127
0132	0.003659489	0.0131
0133	0.004033786	0.0131
0134	0.003691539	0.0130
0135	0.003677155	0.0129
0136	0.003686760	0.0129
0137	0.003688979	0.0128
0138	0.003612872	0.0128
0139	0.003741855	0.0129
0140	0.003550163	0.0128
0141	0.003594269	0.0127
0142	0.003760760	0.0130
0143	0.003620001	0.0131
0144	0.003602323	0.0136
0145	0.004091373	0.0139
0146	0.003727052	0.0133
0147	0.003586910	0.0142
0148	0.003545327	0.0137
0149	0.003542038	0.0132
0150	0.003492052	0.0131
0151	0.003595544	0.0128
0152	0.003566602	0.0131
0153	0.003599625	0.0130
0154	0.003495101	0.0130
0155	0.003504699	0.0130
0156	0.003625346	0.0130
0157	0.003723105	0.0136
0158	0.003494376	0.0146
0159	0.003431866	0.0129
0160	0.003434127	0.0131
0161	0.003530200	0.0129
0162	0.003632338	0.0130
0163	0.003503872	0.0133
0164	0.003702741	0.0133
0165	0.003626954	0.0130
0166	0.003453064	0.0131
0167	0.003519697	0.0131
0168	0.003625514	0.0132
0169	0.003589869	0.0130
0170	0.003488919	0.0131
0171	0.003536579	0.0128
0172	0.003381164	0.0131
0173	0.003447092	0.0130
0174	0.003317651	0.0129
0175	0.003430692	0.0129
0176	0.003418169	0.0130
0177	0.003351009	0.0130
0178	0.003317203	0.0134
0179	0.003289240	0.0142
0180	0.003368328	0.0129
0181	0.003217890	0.0136
0182	0.003281953	0.0135
0183	0.003247627	0.0133
0184	0.003322118	0.0132
0185	0.003339996	0.0136
0186	0.003377546	0.0128
0187	0.003351422	0.0134
0188	0.003320228	0.0140
0189	0.003397851	0.0129
0190	0.003304554	0.0131
0191	0.003168846	0.0140
0192	0.003193755	0.0142
0193	0.003243117	0.0146
0194	0.003213391	0.0145
0195	0.003185555	0.0142
0196	0.003204729	0.0135
0197	0.003343722	0.0136
0198	0.003264399	0.0140
0199	0.003347864	0.0140
0200	0.003320576	0.0131
0201	0.003173794	0.0138
0202	0.003180245	0.0141
0203	0.003399566	0.0150
0204	0.003155749	0.0140
0205	0.003313808	0.0131
0206	0.003275623	0.0134
0207	0.003221717	0.0131
0208	0.003129156	0.0132
0209	0.003268185	0.0132
0210	0.003221466	0.0135
0211	0.003225861	0.0129
0212	0.003132451	0.0134
0213	0.003299457	0.0133
0214	0.003144731	0.0133
0215	0.003237338	0.0131
0216	0.003174926	0.0129
0217	0.003209104	0.0131
0218	0.003035169	0.0132
0219	0.003253319	0.0132
0220	0.003260565	0.0132
0221	0.003169143	0.0131
0222	0.003043545	0.0132
0223	0.003117009	0.0129
0224	0.003036431	0.0135
0225	0.003086055	0.0148
0226	0.003042342	0.0136
0227	0.003195819	0.0136
0228	0.003228363	0.0142
0229	0.003220569	0.0138
0230	0.003028932	0.0134
0231	0.003060340	0.0131
0232	0.003040793	0.0128
0233	0.003209647	0.0149
0234	0.003083937	0.0131
0235	0.002945946	0.0134
0236	0.003062374	0.0140
0237	0.002952104	0.0134
0238	0.003064919	0.0130
0239	0.003064645	0.0128
0240	0.003022860	0.0129
0241	0.003068655	0.0127
0242	0.002985900	0.0131
0243	0.002985638	0.0131
0244	0.003056374	0.0131
0245	0.003179858	0.0132
0246	0.002969221	0.0131
0247	0.002946398	0.0131
0248	0.002960443	0.0131
0249	0.002998182	0.0130
0250	0.002901680	0.0130
0251	0.003030899	0.0129
0252	0.002966864	0.0131
0253	0.003017953	0.0132
0254	0.003021287	0.0131
0255	0.002922818	0.0132
0256	0.003009845	0.0131
0257	0.003080465	0.0132
0258	0.002945311	0.0132
0259	0.003018733	0.0130
0260	0.003142428	0.0131
0261	0.003153035	0.0128
0262	0.003016402	0.0129
0263	0.003140221	0.0129
0264	0.003039434	0.0131
0265	0.002968433	0.0131
0266	0.002906978	0.0133
0267	0.002913681	0.0131
0268	0.003027892	0.0131
0269	0.002966443	0.0132
0270	0.002745204	0.0131
0271	0.002868457	0.0127
0272	0.002971339	0.0132
0273	0.002880905	0.0131
0274	0.002911576	0.0131
0275	0.002883476	0.0129
0276	0.002865607	0.0130
0277	0.002774101	0.0131
0278	0.003095806	0.0129
0279	0.002934085	0.0131
0280	0.002952099	0.0130
0281	0.003056068	0.0128
0282	0.002857109	0.0129
0283	0.003069376	0.0130
0284	0.002898990	0.0131
0285	0.002870911	0.0132
0286	0.002836494	0.0131
0287	0.002974147	0.0131
0288	0.002944935	0.0131
0289	0.002740208	0.0129
0290	0.002810952	0.0131
0291	0.002842217	0.0127
0292	0.002888370	0.0131
0293	0.002810666	0.0131
0294	0.002863079	0.0132
0295	0.003255231	0.0132
0296	0.002973156	0.0131
0297	0.002878102	0.0131
0298	0.002780214	0.0131
0299	0.002836363	0.0133
0300	0.002791062	0.0132
0301	0.002784809	0.0128
0302	0.002815557	0.0129
0303	0.002887031	0.0129
0304	0.003106600	0.0133
0305	0.003137831	0.0131
0306	0.002905892	0.0132
0307	0.002901263	0.0131
0308	0.002782269	0.0131
0309	0.002768226	0.0131
0310	0.002707259	0.0129
0311	0.002885836	0.0128
0312	0.002937163	0.0131
0313	0.002706232	0.0132
0314	0.002869315	0.0132
0315	0.002873617	0.0131
0316	0.002753240	0.0132
0317	0.002787037	0.0134
0318	0.002792531	0.0133
0319	0.002733197	0.0129
0320	0.002767328	0.0129
0321	0.002769272	0.0128
0322	0.002773880	0.0133
0323	0.002826541	0.0148
0324	0.002944578	0.0134
0325	0.002857064	0.0130
0326	0.002863615	0.0142
0327	0.002787162	0.0141
0328	0.002769854	0.0141
0329	0.002694053	0.0141
0330	0.002874099	0.0134
0331	0.002914374	0.0133
0332	0.002912031	0.0135
0333	0.002907657	0.0130
0334	0.002879026	0.0143
0335	0.002843994	0.0133
0336	0.002667241	0.0133
0337	0.002733308	0.0134
0338	0.002672813	0.0140
0339	0.002637914	0.0131
0340	0.002957803	0.0131
0341	0.002776725	0.0128
0342	0.002692720	0.0128
0343	0.002726217	0.0144
0344	0.002667805	0.0144
0345	0.002632475	0.0145
0346	0.002706282	0.0130
0347	0.002681482	0.0132
0348	0.002657408	0.0131
0349	0.002776608	0.0130
0350	0.002735226	0.0130
0351	0.002736889	0.0129
0352	0.002626055	0.0147
0353	0.002737418	0.0130
0354	0.002792923	0.0130
0355	0.002632756	0.0129
0356	0.002697920	0.0131
0357	0.002707757	0.0129
0358	0.002626962	0.0131
0359	0.002615254	0.0133
0360	0.002666845	0.0131
0361	0.002612351	0.0128
0362	0.002550293	0.0131
0363	0.002692317	0.0130
0364	0.002569294	0.0131
0365	0.002588335	0.0132
0366	0.002728027	0.0130
0367	0.002639601	0.0129
0368	0.002633182	0.0129
0369	0.002782790	0.0129
0370	0.002708990	0.0129
0371	0.002766019	0.0127
0372	0.002686155	0.0134
0373	0.002825864	0.0133
0374	0.002673676	0.0131
0375	0.002613257	0.0130
0376	0.002623768	0.0130
0377	0.002764303	0.0130
0378	0.002647293	0.0130
0379	0.002583356	0.0132
0380	0.002683843	0.0145
0381	0.002608759	0.0128
0382	0.002698801	0.0130
0383	0.002694068	0.0148
0384	0.002596417	0.0146
0385	0.002669685	0.0143
0386	0.002643830	0.0146
0387	0.002705381	0.0131
0388	0.002826122	0.0134
0389	0.002610873	0.0145
0390	0.002562010	0.0130
0391	0.002606763	0.0127
0392	0.002684163	0.0131
0393	0.002550728	0.0130
0394	0.002573836	0.0131
0395	0.002470052	0.0130
0396	0.002559063	0.0129
0397	0.002738636	0.0129
0398	0.002608647	0.0131
0399	0.002668202	0.0137
0400	0.002575057	0.0130
0401	0.002594161	0.0129
0402	0.002606368	0.0131
0403	0.002570971	0.0131
0404	0.002520347	0.0131
0405	0.002537770	0.0131
0406	0.002649329	0.0131
0407	0.002791648	0.0131
0408	0.002749929	0.0131
0409	0.002671532	0.0131
0410	0.002571670	0.0131
0411	0.002567370	0.0128
0412	0.002489803	0.0131
0413	0.002547151	0.0131
0414	0.002716861	0.0130
0415	0.002511808	0.0130
0416	0.002727709	0.0129
0417	0.002776979	0.0130
0418	0.002591796	0.0131
0419	0.002591843	0.0130
0420	0.002579302	0.0131
0421	0.002437698	0.0141
0422	0.002500257	0.0132
0423	0.002441122	0.0129
0424	0.002658758	0.0133
0425	0.002585152	0.0131
0426	0.002631003	0.0127
0427	0.002611912	0.0129
0428	0.002561011	0.0131
0429	0.002600117	0.0133
0430	0.002556699	0.0132
0431	0.002543668	0.0128
0432	0.002665041	0.0130
0433	0.002579899	0.0128
0434	0.002766623	0.0129
0435	0.002606985	0.0129
0436	0.002660715	0.0127
0437	0.002638714	0.0133
0438	0.002542760	0.0130
0439	0.002464893	0.0132
0440	0.002507005	0.0132
0441	0.002577655	0.0135
0442	0.002657924	0.0136
0443	0.002799301	0.0129
0444	0.002607594	0.0136
0445	0.002545525	0.0147
0446	0.002568937	0.0146
0447	0.002526163	0.0148
0448	0.002399292	0.0142
0449	0.002515940	0.0143
0450	0.002604174	0.0132
0451	0.002453147	0.0126
0452	0.002520348	0.0129
0453	0.002608017	0.0128
0454	0.002519035	0.0133
0455	0.002554169	0.0131
0456	0.002455485	0.0145
0457	0.002492831	0.0133
0458	0.002449354	0.0132
0459	0.002644489	0.0134
0460	0.002755682	0.0133
0461	0.002512860	0.0145
0462	0.002450552	0.0141
0463	0.002539969	0.0148
0464	0.002513082	0.0132
0465	0.002427005	0.0136
0466	0.002580118	0.0131
0467	0.002435212	0.0129
0468	0.002520397	0.0130
0469	0.002495507	0.0143
0470	0.002488120	0.0130
0471	0.002565566	0.0128
0472	0.002370730	0.0129
0473	0.002391904	0.0130
0474	0.002560680	0.0129
0475	0.002490673	0.0130
0476	0.002474093	0.0129
0477	0.002406187	0.0133
0478	0.002448368	0.0140
0479	0.002599624	0.0133
0480	0.002541847	0.0137
0481	0.002522743	0.0139
0482	0.002472842	0.0140
0483	0.002434045	0.0130
0484	0.002526556	0.0133
0485	0.002389999	0.0130
0486	0.002478416	0.0128
0487	0.002522474	0.0129
0488	0.002482463	0.0129
0489	0.002547816	0.0133
0490	0.002614348	0.0133
0491	0.002494492	0.0132
0492	0.002466460	0.0136
0493	0.002481200	0.0130
0494	0.002472661	0.0136
0495	0.002383134	0.0140
0496	0.002496021	0.0134
0497	0.002444530	0.0137
0498	0.002492930	0.0144
0499	0.002502934	0.0148
0500	0.002451904	0.0154
0001	0.045415500	0.2030
0002	0.017041004	0.1801
0003	0.010749045	0.1812
0004	0.009482550	0.1868
0005	0.008888606	0.1856
0006	0.008473652	0.1852
0007	0.008199108	0.1864
0008	0.007895757	0.1876
0009	0.007647022	0.1854
0010	0.007572271	0.1865
0011	0.007428835	0.1851
0012	0.007288690	0.1860
0013	0.007087140	0.1873
0014	0.007010730	0.1851
0015	0.006938282	0.1860
0016	0.006826233	0.1846
0017	0.006777585	0.1842
0018	0.006666121	0.1858
0019	0.006609601	0.1858
0020	0.006656965	0.1850
0021	0.006605550	0.1864
0022	0.006375706	0.1862
0023	0.006328989	0.1862
0024	0.006331467	0.1850
0025	0.006366425	0.1859
0026	0.006192263	0.1861
0027	0.006161208	0.1945
0028	0.006110613	0.2073
0029	0.006054555	0.1850
0030	0.006069869	0.1858
0031	0.005971113	0.1850
0032	0.005977070	0.1867
0033	0.005940532	0.1857
0034	0.005849179	0.1860
0035	0.005872816	0.1858
0036	0.005851445	0.1864
0037	0.005849923	0.1859
0038	0.005775213	0.1867
0039	0.005726280	0.1868
0040	0.005674699	0.1849
0041	0.005721005	0.1865
0042	0.005634320	0.1856
0043	0.005557810	0.1856
0044	0.005534660	0.1845
0045	0.005571886	0.1862
0046	0.005532987	0.1854
0047	0.005567340	0.1852
0048	0.005551400	0.1861
0049	0.005465255	0.1852
0050	0.005418432	0.1854
0051	0.005397969	0.1861
0052	0.005368058	0.1861
0053	0.005376675	0.1870
0054	0.005331783	0.1867
0055	0.005388105	0.1859
0056	0.005342750	0.1862
0057	0.005305467	0.1859
0058	0.005308259	0.1862
0059	0.005253544	0.1859
0060	0.005232712	0.1834
0061	0.005193352	0.1845
0062	0.005299030	0.1858
0063	0.005117868	0.1858
0064	0.005220508	0.1844
0065	0.005158399	0.1843
0066	0.005121806	0.1846
0067	0.005182100	0.1854
0068	0.005156385	0.1849
0069	0.005158218	0.1849
0070	0.005111331	0.1859
0071	0.005085015	0.1857
0072	0.005053141	0.1852
0073	0.005065394	0.1850
0074	0.005053287	0.1863
0075	0.005088537	0.1856
0076	0.005091965	0.1866
0077	0.005039992	0.1850
0078	0.005046198	0.1845
0079	0.005025296	0.1849
0080	0.005126400	0.1857
0081	0.004955961	0.1845
0082	0.004993371	0.1892
0083	0.004996831	0.1859
0084	0.004988447	0.1855
0085	0.004956378	0.1863
0086	0.004933652	0.1869
0087	0.004928492	0.1866
0088	0.004935657	0.1870
0089	0.004901363	0.1861
0090	0.004915127	0.1859
0091	0.004917635	0.1860
0092	0.004913919	0.1861
0093	0.004889179	0.1852
0094	0.004917058	0.1873
0095	0.004863870	0.1864
0096	0.004826102	0.1867
0097	0.004851488	0.1850
0098	0.004839495	0.1864
0099	0.004846778	0.1876
0100	0.004789566	0.1868
0101	0.004825976	0.1865
0102	0.004806222	0.1863
0103	0.004824825	0.1866
0104	0.004785997	0.1856
0105	0.004794999	0.1871
0106	0.004784308	0.1867
0107	0.004778532	0.1852
0108	0.004777219	0.1853
0109	0.004766779	0.1880
0110	0.004795991	0.1868
0111	0.004749811	0.1854
0112	0.004811614	0.1858
0113	0.004768882	0.1856
0114	0.004795267	0.1850
0115	0.004747231	0.1858
0116	0.004774231	0.1871
0117	0.004743892	0.1865
0118	0.004733250	0.1867
0119	0.004715791	0.1871
0120	0.004748263	0.1876
0121	0.004727051	0.1848
0122	0.004678576	0.1851
0123	0.004694303	0.1856
0124	0.004724333	0.1879
0125	0.004664133	0.1862
0126	0.004693175	0.1866
0127	0.004686725	0.1864
0128	0.004688100	0.1867
0129	0.004661758	0.1868
0130	0.004675171	0.1866
0131	0.004665938	0.1865
0132	0.004610926	0.1861
0133	0.004649330	0.1868
0134	0.004660317	0.1861
0135	0.004644388	0.1863
0136	0.004613302	0.1859
0137	0.004618922	0.1860
0138	0.004624050	0.1880
0139	0.004655035	0.1862
0140	0.004630953	0.1859
0141	0.004590504	0.1863
0142	0.004609452	0.1867
0143	0.004629917	0.1862
0144	0.004565265	0.1871
0145	0.004578599	0.1861
0146	0.004559924	0.1861
0147	0.004589075	0.1864
0148	0.004569295	0.1877
0149	0.004574253	0.1864
0150	0.004583328	0.1853
0151	0.004580995	0.1867
0152	0.004577532	0.1862
0153	0.004584652	0.1874
0154	0.004564321	0.1872
0155	0.004546417	0.1870
0156	0.004525896	0.1862
0157	0.004561768	0.1871
0158	0.004549028	0.1863
0159	0.004552259	0.1859
0160	0.004552332	0.1857
0161	0.004553458	0.1853
0162	0.004533225	0.1868
0163	0.004531916	0.1875
0164	0.004521793	0.1864
0165	0.004523952	0.1873
0166	0.004508149	0.1872
0167	0.004530371	0.1872
0168	0.004506777	0.1878
0169	0.004492642	0.1862
0170	0.004536137	0.1865
0171	0.004493190	0.1848
0172	0.004483843	0.1858
0173	0.004449611	0.1859
0174	0.004509957	0.1861
0175	0.004494082	0.1859
0176	0.004460840	0.1871
0177	0.004472439	0.1858
0178	0.004458897	0.1860
0179	0.004468931	0.1878
0180	0.004515562	0.1855
0181	0.004460305	0.1874
0182	0.004464592	0.1853
0183	0.004483360	0.1857
0184	0.004445796	0.1859
0185	0.004431601	0.1870
0186	0.004467986	0.1868
0187	0.004462370	0.1858
0188	0.004444750	0.1867
0189	0.004429532	0.1862
0190	0.004439522	0.1857
0191	0.004445663	0.1860
0192	0.004440278	0.1862
0193	0.004435323	0.1868
0194	0.004426212	0.1868
0195	0.004418905	0.1850
0196	0.004447254	0.1854
0197	0.004429741	0.1863
0198	0.004405466	0.1854
0199	0.004426428	0.1853
0200	0.004408987	0.1867
0201	0.004391112	0.1863
0202	0.004393261	0.1864
0203	0.004397188	0.1869
0204	0.004425042	0.1866
0205	0.004418918	0.1867
0206	0.004424179	0.1864
0207	0.004403075	0.1870
0208	0.004397550	0.1874
0209	0.004362147	0.1854
0210	0.004408789	0.1877
0211	0.004400867	0.1857
0212	0.004406971	0.1866
0213	0.004397294	0.1879
0214	0.004362551	0.1868
0215	0.004377493	0.1868
0216	0.004373809	0.1873
0217	0.004381433	0.1875
0218	0.004387242	0.1858
0219	0.004364662	0.1862
0220	0.004318554	0.1864
0221	0.004372178	0.1866
0222	0.004373449	0.1856
0223	0.004356894	0.1863
0224	0.004366808	0.1858
0225	0.004338835	0.1847
0226	0.004350008	0.1868
0227	0.004343020	0.1874
0228	0.004348525	0.1857
0229	0.004327080	0.1857
0230	0.004356727	0.1863
0231	0.004329055	0.1862
0232	0.004348598	0.1860
0233	0.004334692	0.1867
0234	0.004323818	0.1858
0235	0.004315775	0.1865
0236	0.004330548	0.1862
0237	0.004322076	0.1872
0238	0.004334163	0.1871
0239	0.004314561	0.1865
0240	0.004360837	0.1864
0241	0.004341200	0.1848
0242	0.004319799	0.1863
0243	0.004326400	0.1869
0244	0.004297521	0.1856
0245	0.004307161	0.1875
0246	0.004317953	0.1862
0247	0.004313916	0.1883
0248	0.004287269	0.1867
0249	0.004270863	0.1866
0250	0.004297804	0.1885
0251	0.004295124	0.1859
0252	0.004296186	0.1862
0253	0.004302295	0.1863
0254	0.004285284	0.1867
0255	0.004285846	0.1885
0256	0.004273418	0.1871
0257	0.004307875	0.1876
0258	0.004274998	0.1857
0259	0.004272497	0.1862
0260	0.004275137	0.1864
0261	0.004269353	0.1862
0262	0.004254588	0.1853
0263	0.004293436	0.1856
0264	0.004270467	0.1862
0265	0.004284437	0.1861
0266	0.004282275	0.1859
0267	0.004257719	0.1848
0268	0.004249750	0.1867
0269	0.004304113	0.1866
0270	0.004256378	0.1876
0271	0.004259832	0.1861
0272	0.004240053	0.1865
0273	0.004259578	0.1858
0274	0.004283019	0.1863
0275	0.004231412	0.1866
0276	0.004261745	0.1859
0277	0.004234249	0.1872
0278	0.004272447	0.1875
0279	0.004247337	0.1874
0280	0.004263930	0.1864
0281	0.004232547	0.1882
0282	0.004236497	0.1854
0283	0.004218544	0.1858
0284	0.004226593	0.1859
0285	0.004258151	0.1870
0286	0.004221605	0.1852
0287	0.004240433	0.1864
0288	0.004232175	0.1877
0289	0.004220859	0.1864
0290	0.004220345	0.1860
0291	0.004223640	0.1860
0292	0.004235428	0.1863
0293	0.004233685	0.1864
0294	0.004230970	0.1872
0295	0.004189570	0.1856
0296	0.004225959	0.1851
0297	0.004228312	0.1869
0298	0.004236482	0.1865
0299	0.004223635	0.1861
0300	0.004206506	0.1860
0301	0.004204174	0.1851
0302	0.004191762	0.1868
0303	0.004212148	0.1886
0304	0.004206851	0.1856
0305	0.004217058	0.1865
0306	0.004198384	0.1880
0307	0.004203485	0.1860
0308	0.004221320	0.1863
0309	0.004202593	0.1873
0310	0.004174817	0.1865
0311	0.004179294	0.1850
0312	0.004206193	0.1851
0313	0.004214237	0.1860
0314	0.004190697	0.1860
0315	0.004157069	0.1850
0316	0.004201886	0.1863
0317	0.004182497	0.1860
0318	0.004202545	0.1868
0319	0.004191060	0.1868
0320	0.004198107	0.1868
0321	0.004212037	0.1858
0322	0.004177886	0.1851
0323	0.004175965	0.1863
0324	0.004203461	0.1873
0325	0.004176532	0.1856
0326	0.004177391	0.1853
0327	0.004182526	0.1853
0328	0.004163154	0.1869
0329	0.004188126	0.1865
0330	0.004179082	0.1863
0331	0.004152609	0.1856
0332	0.004160193	0.1862
0333	0.004168193	0.1860
0334	0.004166443	0.1857
0335	0.004153725	0.1863
0336	0.004167487	0.1850
0337	0.004167178	0.1851
0338	0.004170707	0.1862
0339	0.004182777	0.1872
0340	0.004183338	0.1867
0341	0.004157156	0.1865
0342	0.004153086	0.1877
0343	0.004158949	0.1888
0344	0.004150843	0.1871
0345	0.004161941	0.1886
0346	0.004137934	0.1865
0347	0.004148884	0.1862
0348	0.004181135	0.1873
0349	0.004164997	0.1859
0350	0.004152889	0.1864
0351	0.004146984	0.1860
0352	0.004131590	0.1879
0353	0.004165085	0.1864
0354	0.004174538	0.1862
0355	0.004144103	0.1857
0356	0.004145693	0.1856
0357	0.004150962	0.1855
0358	0.004152180	0.1875
0359	0.004151590	0.1852
0360	0.004125703	0.1854
0361	0.004126976	0.1847
0362	0.004123876	0.1856
0363	0.004144590	0.1854
0364	0.004133321	0.1878
0365	0.004141271	0.1854
0366	0.004134113	0.1867
0367	0.004148101	0.1874
0368	0.004130416	0.1874
0369	0.004133796	0.1873
0370	0.004140037	0.1863
0371	0.004137210	0.1860
0372	0.004142896	0.1859
0373	0.004116817	0.1850
0374	0.004113645	0.1862
0375	0.004130431	0.1848
0376	0.004122826	0.1855
0377	0.004113981	0.1843
0378	0.004129850	0.1861
0379	0.004115929	0.1868
0380	0.004122400	0.1860
0381	0.004112116	0.1855
0382	0.004111824	0.1864
0383	0.004120397	0.1864
0384	0.004130552	0.1865
0385	0.004114540	0.1860
0386	0.004124498	0.1863
0387	0.004122456	0.1856
0388	0.004108156	0.1866
0389	0.004114661	0.1869
0390	0.004117548	0.1864
0391	0.004128526	0.1862
0392	0.004138012	0.1850
0393	0.004111078	0.1863
0394	0.004112218	0.1858
0395	0.004117751	0.1861
0396	0.004104357	0.1851
0397	0.004097648	0.1852
0398	0.004097244	0.1858
0399	0.004099895	0.1882
0400	0.004094380	0.1862
0401	0.004106920	0.1856
0402	0.004111720	0.1866
0403	0.004082390	0.1869
0404	0.004072781	0.1847
0405	0.004105408	0.1856
0406	0.004100969	0.1860
0407	0.004081507	0.1873
0408	0.004106430	0.1860
0409	0.004089900	0.1855
0410	0.004093686	0.1854
0411	0.004091138	0.1854
0412	0.004101507	0.1861
0413	0.004096317	0.1865
0414	0.004121377	0.1851
0415	0.004069151	0.1876
0416	0.004073911	0.1860
0417	0.004098144	0.1851
0418	0.004071406	0.1856
0419	0.004092273	0.1855
0420	0.004096700	0.1873
0421	0.004082413	0.1853
0422	0.004083331	0.1853
0423	0.004094708	0.1855
0424	0.004098145	0.1863
0425	0.004065898	0.1867
0426	0.004082028	0.1862
0427	0.004079692	0.1867
0428	0.004069475	0.1864
0429	0.004086076	0.1865
0430	0.004074562	0.1862
0431	0.004080213	0.1849
0432	0.004092705	0.1882
0433	0.004063300	0.1861
0434	0.004072130	0.1857
0435	0.004064008	0.1868
0436	0.004072179	0.1863
0437	0.004099236	0.1861
0438	0.004058410	0.1868
0439	0.004086224	0.1866
0440	0.004045081	0.1850
0441	0.004088355	0.1858
0442	0.004078676	0.1856
0443	0.004070390	0.1854
0444	0.004082005	0.1858
0445	0.004077972	0.1867
0446	0.004072074	0.1857
0447	0.004061533	0.1867
0448	0.004066024	0.1863
0449	0.004067157	0.1856
0450	0.004058211	0.1869
0451	0.004060485	0.1857
0452	0.004051162	0.1857
0453	0.004083073	0.1864
0454	0.004038515	0.1863
0455	0.004047983	0.1854
0456	0.004039549	0.1859
0457	0.004059079	0.1860
0458	0.004083000	0.1859
0459	0.004071148	0.1869
0460	0.004074174	0.1864
0461	0.004057668	0.1852
0462	0.004046761	0.1856
0463	0.004040470	0.1867
0464	0.004054823	0.1864
0465	0.004046362	0.1865
0466	0.004049129	0.1855
0467	0.004028678	0.1864
0468	0.004063904	0.1856
0469	0.004062602	0.1851
0470	0.004073452	0.1859
0471	0.004051396	0.1864
0472	0.004073519	0.1859
0473	0.004050487	0.1864
0474	0.004048232	0.1869
0475	0.004030851	0.1868
0476	0.004050569	0.1854
0477	0.004036373	0.1867
0478	0.004027918	0.1867
0479	0.004044968	0.1879
0480	0.004024310	0.1859
0481	0.004053578	0.1850
0482	0.004033465	0.1855
0483	0.004042549	0.1852
0484	0.004033730	0.1871
0485	0.004026947	0.1871
0486	0.004010272	0.1861
0487	0.004032253	0.1871
0488	0.004031348	0.1861
0489	0.004049692	0.1858
0490	0.004033829	0.1856
0491	0.004054747	0.1864
0492	0.004031793	0.1865
0493	0.004044843	0.1874
0494	0.004026374	0.1868
0495	0.004050161	0.1860
0496	0.004022503	0.1868
0497	0.004016951	0.1866
0498	0.004040312	0.1850
0499	0.004027414	0.1872
0500	0.004031098	0.1861
